FT	ID	AT	WT	ST
1059	28	527	427	527
881	25	436	344	436
527	21	261	183	261
436	17	215	146	215
332	27	158	60	158
323	29	161	58	161
309	24	153	62	153
261	26	129	34	129
255	19	124	50	124
229	1	113	101	113
215	16	105	37	105
213	30	105	0	105
184	11	89	39	89
183	23	89	0	89
161	22	80	0	80
158	20	75	0	75
153	18	72	0	72
129	14	62	4	62
124	15	60	0	60
113	13	55	0	55
105	10	49	0	49
105	12	52	0	52
87	9	42	0	42
83	8	40	0	40
79	7	38	0	38
65	6	30	0	30
62	5	28	0	28
46	4	21	0	21
39	2	15	0	15
36	3	17	0	17


====================================================
Orders: 30 [Normal: 14, Vegan: 8, VIP: 8]
Cooks: 16 [Normal: 7, Vegan: 4, VIP: 5]
Avg Wait = 51.5
Avg Serv = 113.367
====================================================
